/*--------------------------------*- C++ -*----------------------------------*\
  =========                 |
  \\      /  F ield         | OpenFOAM: The Open Source CFD Toolbox
   \\    /   O peration     | Website:  https://openfoam.org
    \\  /    A nd           | Version:  8
     \\/     M anipulation  |
\*---------------------------------------------------------------------------*/
FoamFile
{
    version     2.0;
    format      ascii;
    class       labelList;
    note        "nPoints: 11970 nCells: 5800 nFaces: 23385 nInternalFaces: 11415";
    location    "constant/polyMesh";
    object      neighbour;
}
// * * * * * * * * * * * * * * * * * * * * * * * * * * * * * * * * * * * * * //


11415
(
1
10
2
11
3
12
4
13
5
14
6
15
7
16
8
17
9
18
19
100
11
20
12
21
13
22
14
23
15
24
16
25
17
26
18
27
19
28
29
120
21
30
22
31
23
32
24
33
25
34
26
35
27
36
28
37
29
38
39
140
31
40
32
41
33
42
34
43
35
44
36
45
37
46
38
47
39
48
49
160
41
50
42
51
43
52
44
53
45
54
46
55
47
56
48
57
49
58
59
180
51
60
52
61
53
62
54
63
55
64
56
65
57
66
58
67
59
68
69
200
61
70
62
71
63
72
64
73
65
74
66
75
67
76
68
77
69
78
79
220
71
80
72
81
73
82
74
83
75
84
76
85
77
86
78
87
79
88
89
240
81
90
82
91
83
92
84
93
85
94
86
95
87
96
88
97
89
98
99
260
91
1050
92
1051
93
1052
94
1053
95
1054
96
1055
97
1056
98
1057
99
1058
280
1059
101
120
102
121
103
122
104
123
105
124
106
125
107
126
108
127
109
128
110
129
111
130
112
131
113
132
114
133
115
134
116
135
117
136
118
137
119
138
139
300
121
140
122
141
123
142
124
143
125
144
126
145
127
146
128
147
129
148
130
149
131
150
132
151
133
152
134
153
135
154
136
155
137
156
138
157
139
158
159
375
141
160
142
161
143
162
144
163
145
164
146
165
147
166
148
167
149
168
150
169
151
170
152
171
153
172
154
173
155
174
156
175
157
176
158
177
159
178
179
450
161
180
162
181
163
182
164
183
165
184
166
185
167
186
168
187
169
188
170
189
171
190
172
191
173
192
174
193
175
194
176
195
177
196
178
197
179
198
199
525
181
200
182
201
183
202
184
203
185
204
186
205
187
206
188
207
189
208
190
209
191
210
192
211
193
212
194
213
195
214
196
215
197
216
198
217
199
218
219
600
201
220
202
221
203
222
204
223
205
224
206
225
207
226
208
227
209
228
210
229
211
230
212
231
213
232
214
233
215
234
216
235
217
236
218
237
219
238
239
675
221
240
222
241
223
242
224
243
225
244
226
245
227
246
228
247
229
248
230
249
231
250
232
251
233
252
234
253
235
254
236
255
237
256
238
257
239
258
259
750
241
260
242
261
243
262
244
263
245
264
246
265
247
266
248
267
249
268
250
269
251
270
252
271
253
272
254
273
255
274
256
275
257
276
258
277
259
278
279
825
261
280
262
281
263
282
264
283
265
284
266
285
267
286
268
287
269
288
270
289
271
290
272
291
273
292
274
293
275
294
276
295
277
296
278
297
279
298
299
900
281
3800
282
3801
283
3802
284
3803
285
3804
286
3805
287
3806
288
3807
289
3808
290
3809
291
3810
292
3811
293
3812
294
3813
295
3814
296
3815
297
3816
298
3817
299
3818
975
3819
301
375
302
376
303
377
304
378
305
379
306
380
307
381
308
382
309
383
310
384
311
385
312
386
313
387
314
388
315
389
316
390
317
391
318
392
319
393
320
394
321
395
322
396
323
397
324
398
325
399
326
400
327
401
328
402
329
403
330
404
331
405
332
406
333
407
334
408
335
409
336
410
337
411
338
412
339
413
340
414
341
415
342
416
343
417
344
418
345
419
346
420
347
421
348
422
349
423
350
424
351
425
352
426
353
427
354
428
355
429
356
430
357
431
358
432
359
433
360
434
361
435
362
436
363
437
364
438
365
439
366
440
367
441
368
442
369
443
370
444
371
445
372
446
373
447
374
448
449
376
450
377
451
378
452
379
453
380
454
381
455
382
456
383
457
384
458
385
459
386
460
387
461
388
462
389
463
390
464
391
465
392
466
393
467
394
468
395
469
396
470
397
471
398
472
399
473
400
474
401
475
402
476
403
477
404
478
405
479
406
480
407
481
408
482
409
483
410
484
411
485
412
486
413
487
414
488
415
489
416
490
417
491
418
492
419
493
420
494
421
495
422
496
423
497
424
498
425
499
426
500
427
501
428
502
429
503
430
504
431
505
432
506
433
507
434
508
435
509
436
510
437
511
438
512
439
513
440
514
441
515
442
516
443
517
444
518
445
519
446
520
447
521
448
522
449
523
524
451
525
452
526
453
527
454
528
455
529
456
530
457
531
458
532
459
533
460
534
461
535
462
536
463
537
464
538
465
539
466
540
467
541
468
542
469
543
470
544
471
545
472
546
473
547
474
548
475
549
476
550
477
551
478
552
479
553
480
554
481
555
482
556
483
557
484
558
485
559
486
560
487
561
488
562
489
563
490
564
491
565
492
566
493
567
494
568
495
569
496
570
497
571
498
572
499
573
500
574
501
575
502
576
503
577
504
578
505
579
506
580
507
581
508
582
509
583
510
584
511
585
512
586
513
587
514
588
515
589
516
590
517
591
518
592
519
593
520
594
521
595
522
596
523
597
524
598
599
526
600
527
601
528
602
529
603
530
604
531
605
532
606
533
607
534
608
535
609
536
610
537
611
538
612
539
613
540
614
541
615
542
616
543
617
544
618
545
619
546
620
547
621
548
622
549
623
550
624
551
625
552
626
553
627
554
628
555
629
556
630
557
631
558
632
559
633
560
634
561
635
562
636
563
637
564
638
565
639
566
640
567
641
568
642
569
643
570
644
571
645
572
646
573
647
574
648
575
649
576
650
577
651
578
652
579
653
580
654
581
655
582
656
583
657
584
658
585
659
586
660
587
661
588
662
589
663
590
664
591
665
592
666
593
667
594
668
595
669
596
670
597
671
598
672
599
673
674
601
675
602
676
603
677
604
678
605
679
606
680
607
681
608
682
609
683
610
684
611
685
612
686
613
687
614
688
615
689
616
690
617
691
618
692
619
693
620
694
621
695
622
696
623
697
624
698
625
699
626
700
627
701
628
702
629
703
630
704
631
705
632
706
633
707
634
708
635
709
636
710
637
711
638
712
639
713
640
714
641
715
642
716
643
717
644
718
645
719
646
720
647
721
648
722
649
723
650
724
651
725
652
726
653
727
654
728
655
729
656
730
657
731
658
732
659
733
660
734
661
735
662
736
663
737
664
738
665
739
666
740
667
741
668
742
669
743
670
744
671
745
672
746
673
747
674
748
749
676
750
677
751
678
752
679
753
680
754
681
755
682
756
683
757
684
758
685
759
686
760
687
761
688
762
689
763
690
764
691
765
692
766
693
767
694
768
695
769
696
770
697
771
698
772
699
773
700
774
701
775
702
776
703
777
704
778
705
779
706
780
707
781
708
782
709
783
710
784
711
785
712
786
713
787
714
788
715
789
716
790
717
791
718
792
719
793
720
794
721
795
722
796
723
797
724
798
725
799
726
800
727
801
728
802
729
803
730
804
731
805
732
806
733
807
734
808
735
809
736
810
737
811
738
812
739
813
740
814
741
815
742
816
743
817
744
818
745
819
746
820
747
821
748
822
749
823
824
751
825
752
826
753
827
754
828
755
829
756
830
757
831
758
832
759
833
760
834
761
835
762
836
763
837
764
838
765
839
766
840
767
841
768
842
769
843
770
844
771
845
772
846
773
847
774
848
775
849
776
850
777
851
778
852
779
853
780
854
781
855
782
856
783
857
784
858
785
859
786
860
787
861
788
862
789
863
790
864
791
865
792
866
793
867
794
868
795
869
796
870
797
871
798
872
799
873
800
874
801
875
802
876
803
877
804
878
805
879
806
880
807
881
808
882
809
883
810
884
811
885
812
886
813
887
814
888
815
889
816
890
817
891
818
892
819
893
820
894
821
895
822
896
823
897
824
898
899
826
900
827
901
828
902
829
903
830
904
831
905
832
906
833
907
834
908
835
909
836
910
837
911
838
912
839
913
840
914
841
915
842
916
843
917
844
918
845
919
846
920
847
921
848
922
849
923
850
924
851
925
852
926
853
927
854
928
855
929
856
930
857
931
858
932
859
933
860
934
861
935
862
936
863
937
864
938
865
939
866
940
867
941
868
942
869
943
870
944
871
945
872
946
873
947
874
948
875
949
876
950
877
951
878
952
879
953
880
954
881
955
882
956
883
957
884
958
885
959
886
960
887
961
888
962
889
963
890
964
891
965
892
966
893
967
894
968
895
969
896
970
897
971
898
972
899
973
974
901
975
902
976
903
977
904
978
905
979
906
980
907
981
908
982
909
983
910
984
911
985
912
986
913
987
914
988
915
989
916
990
917
991
918
992
919
993
920
994
921
995
922
996
923
997
924
998
925
999
926
1000
927
1001
928
1002
929
1003
930
1004
931
1005
932
1006
933
1007
934
1008
935
1009
936
1010
937
1011
938
1012
939
1013
940
1014
941
1015
942
1016
943
1017
944
1018
945
1019
946
1020
947
1021
948
1022
949
1023
950
1024
951
1025
952
1026
953
1027
954
1028
955
1029
956
1030
957
1031
958
1032
959
1033
960
1034
961
1035
962
1036
963
1037
964
1038
965
1039
966
1040
967
1041
968
1042
969
1043
970
1044
971
1045
972
1046
973
1047
974
1048
1049
976
1250
977
1251
978
1252
979
1253
980
1254
981
1255
982
1256
983
1257
984
1258
985
1259
986
1260
987
1261
988
1262
989
1263
990
1264
991
1265
992
1266
993
1267
994
1268
995
1269
996
1270
997
1271
998
1272
999
1273
1000
1274
1001
1275
1002
1276
1003
1277
1004
1278
1005
1279
1006
1280
1007
1281
1008
1282
1009
1283
1010
1284
1011
1285
1012
1286
1013
1287
1014
1288
1015
1289
1016
1290
1017
1291
1018
1292
1019
1293
1020
1294
1021
1295
1022
1296
1023
1297
1024
1298
1025
1299
1026
1300
1027
1301
1028
1302
1029
1303
1030
1304
1031
1305
1032
1306
1033
1307
1034
1308
1035
1309
1036
1310
1037
1311
1038
1312
1039
1313
1040
1314
1041
1315
1042
1316
1043
1317
1044
1318
1045
1319
1046
1320
1047
1321
1048
1322
1049
1323
1324
1051
1060
1052
1061
1053
1062
1054
1063
1055
1064
1056
1065
1057
1066
1058
1067
1059
1068
1069
5300
1061
1070
1062
1071
1063
1072
1064
1073
1065
1074
1066
1075
1067
1076
1068
1077
1069
1078
1079
5325
1071
1080
1072
1081
1073
1082
1074
1083
1075
1084
1076
1085
1077
1086
1078
1087
1079
1088
1089
5350
1081
1090
1082
1091
1083
1092
1084
1093
1085
1094
1086
1095
1087
1096
1088
1097
1089
1098
1099
5375
1091
1100
1092
1101
1093
1102
1094
1103
1095
1104
1096
1105
1097
1106
1098
1107
1099
1108
1109
5400
1101
1110
1102
1111
1103
1112
1104
1113
1105
1114
1106
1115
1107
1116
1108
1117
1109
1118
1119
5425
1111
1120
1112
1121
1113
1122
1114
1123
1115
1124
1116
1125
1117
1126
1118
1127
1119
1128
1129
5450
1121
1130
1122
1131
1123
1132
1124
1133
1125
1134
1126
1135
1127
1136
1128
1137
1129
1138
1139
5475
1131
1140
1132
1141
1133
1142
1134
1143
1135
1144
1136
1145
1137
1146
1138
1147
1139
1148
1149
5500
1141
1150
1142
1151
1143
1152
1144
1153
1145
1154
1146
1155
1147
1156
1148
1157
1149
1158
1159
5525
1151
1160
1152
1161
1153
1162
1154
1163
1155
1164
1156
1165
1157
1166
1158
1167
1159
1168
1169
5550
1161
1170
1162
1171
1163
1172
1164
1173
1165
1174
1166
1175
1167
1176
1168
1177
1169
1178
1179
5575
1171
1180
1172
1181
1173
1182
1174
1183
1175
1184
1176
1185
1177
1186
1178
1187
1179
1188
1189
5600
1181
1190
1182
1191
1183
1192
1184
1193
1185
1194
1186
1195
1187
1196
1188
1197
1189
1198
1199
5625
1191
1200
1192
1201
1193
1202
1194
1203
1195
1204
1196
1205
1197
1206
1198
1207
1199
1208
1209
5650
1201
1210
1202
1211
1203
1212
1204
1213
1205
1214
1206
1215
1207
1216
1208
1217
1209
1218
1219
5675
1211
1220
1212
1221
1213
1222
1214
1223
1215
1224
1216
1225
1217
1226
1218
1227
1219
1228
1229
5700
1221
1230
1222
1231
1223
1232
1224
1233
1225
1234
1226
1235
1227
1236
1228
1237
1229
1238
1239
5725
1231
1240
1232
1241
1233
1242
1234
1243
1235
1244
1236
1245
1237
1246
1238
1247
1239
1248
1249
5750
1241
2750
1242
2751
1243
2752
1244
2753
1245
2754
1246
2755
1247
2756
1248
2757
1249
2758
2759
5775
1251
1325
4324
1252
1326
1253
1327
1254
1328
1255
1329
1256
1330
1257
1331
1258
1332
1259
1333
1260
1334
1261
1335
1262
1336
1263
1337
1264
1338
1265
1339
1266
1340
1267
1341
1268
1342
1269
1343
1270
1344
1271
1345
1272
1346
1273
1347
1274
1348
1275
1349
1276
1350
1277
1351
1278
1352
1279
1353
1280
1354
1281
1355
1282
1356
1283
1357
1284
1358
1285
1359
1286
1360
1287
1361
1288
1362
1289
1363
1290
1364
1291
1365
1292
1366
1293
1367
1294
1368
1295
1369
1296
1370
1297
1371
1298
1372
1299
1373
1300
1374
1301
1375
1302
1376
1303
1377
1304
1378
1305
1379
1306
1380
1307
1381
1308
1382
1309
1383
1310
1384
1311
1385
1312
1386
1313
1387
1314
1388
1315
1389
1316
1390
1317
1391
1318
1392
1319
1393
1320
1394
1321
1395
1322
1396
1323
1397
1324
1398
1399
1326
1400
4349
1327
1401
1328
1402
1329
1403
1330
1404
1331
1405
1332
1406
1333
1407
1334
1408
1335
1409
1336
1410
1337
1411
1338
1412
1339
1413
1340
1414
1341
1415
1342
1416
1343
1417
1344
1418
1345
1419
1346
1420
1347
1421
1348
1422
1349
1423
1350
1424
1351
1425
1352
1426
1353
1427
1354
1428
1355
1429
1356
1430
1357
1431
1358
1432
1359
1433
1360
1434
1361
1435
1362
1436
1363
1437
1364
1438
1365
1439
1366
1440
1367
1441
1368
1442
1369
1443
1370
1444
1371
1445
1372
1446
1373
1447
1374
1448
1375
1449
1376
1450
1377
1451
1378
1452
1379
1453
1380
1454
1381
1455
1382
1456
1383
1457
1384
1458
1385
1459
1386
1460
1387
1461
1388
1462
1389
1463
1390
1464
1391
1465
1392
1466
1393
1467
1394
1468
1395
1469
1396
1470
1397
1471
1398
1472
1399
1473
1474
1401
1475
4374
1402
1476
1403
1477
1404
1478
1405
1479
1406
1480
1407
1481
1408
1482
1409
1483
1410
1484
1411
1485
1412
1486
1413
1487
1414
1488
1415
1489
1416
1490
1417
1491
1418
1492
1419
1493
1420
1494
1421
1495
1422
1496
1423
1497
1424
1498
1425
1499
1426
1500
1427
1501
1428
1502
1429
1503
1430
1504
1431
1505
1432
1506
1433
1507
1434
1508
1435
1509
1436
1510
1437
1511
1438
1512
1439
1513
1440
1514
1441
1515
1442
1516
1443
1517
1444
1518
1445
1519
1446
1520
1447
1521
1448
1522
1449
1523
1450
1524
1451
1525
1452
1526
1453
1527
1454
1528
1455
1529
1456
1530
1457
1531
1458
1532
1459
1533
1460
1534
1461
1535
1462
1536
1463
1537
1464
1538
1465
1539
1466
1540
1467
1541
1468
1542
1469
1543
1470
1544
1471
1545
1472
1546
1473
1547
1474
1548
1549
1476
1550
4399
1477
1551
1478
1552
1479
1553
1480
1554
1481
1555
1482
1556
1483
1557
1484
1558
1485
1559
1486
1560
1487
1561
1488
1562
1489
1563
1490
1564
1491
1565
1492
1566
1493
1567
1494
1568
1495
1569
1496
1570
1497
1571
1498
1572
1499
1573
1500
1574
1501
1575
1502
1576
1503
1577
1504
1578
1505
1579
1506
1580
1507
1581
1508
1582
1509
1583
1510
1584
1511
1585
1512
1586
1513
1587
1514
1588
1515
1589
1516
1590
1517
1591
1518
1592
1519
1593
1520
1594
1521
1595
1522
1596
1523
1597
1524
1598
1525
1599
1526
1600
1527
1601
1528
1602
1529
1603
1530
1604
1531
1605
1532
1606
1533
1607
1534
1608
1535
1609
1536
1610
1537
1611
1538
1612
1539
1613
1540
1614
1541
1615
1542
1616
1543
1617
1544
1618
1545
1619
1546
1620
1547
1621
1548
1622
1549
1623
1624
1551
1625
4424
1552
1626
1553
1627
1554
1628
1555
1629
1556
1630
1557
1631
1558
1632
1559
1633
1560
1634
1561
1635
1562
1636
1563
1637
1564
1638
1565
1639
1566
1640
1567
1641
1568
1642
1569
1643
1570
1644
1571
1645
1572
1646
1573
1647
1574
1648
1575
1649
1576
1650
1577
1651
1578
1652
1579
1653
1580
1654
1581
1655
1582
1656
1583
1657
1584
1658
1585
1659
1586
1660
1587
1661
1588
1662
1589
1663
1590
1664
1591
1665
1592
1666
1593
1667
1594
1668
1595
1669
1596
1670
1597
1671
1598
1672
1599
1673
1600
1674
1601
1675
1602
1676
1603
1677
1604
1678
1605
1679
1606
1680
1607
1681
1608
1682
1609
1683
1610
1684
1611
1685
1612
1686
1613
1687
1614
1688
1615
1689
1616
1690
1617
1691
1618
1692
1619
1693
1620
1694
1621
1695
1622
1696
1623
1697
1624
1698
1699
1626
1700
4449
1627
1701
1628
1702
1629
1703
1630
1704
1631
1705
1632
1706
1633
1707
1634
1708
1635
1709
1636
1710
1637
1711
1638
1712
1639
1713
1640
1714
1641
1715
1642
1716
1643
1717
1644
1718
1645
1719
1646
1720
1647
1721
1648
1722
1649
1723
1650
1724
1651
1725
1652
1726
1653
1727
1654
1728
1655
1729
1656
1730
1657
1731
1658
1732
1659
1733
1660
1734
1661
1735
1662
1736
1663
1737
1664
1738
1665
1739
1666
1740
1667
1741
1668
1742
1669
1743
1670
1744
1671
1745
1672
1746
1673
1747
1674
1748
1675
1749
1676
1750
1677
1751
1678
1752
1679
1753
1680
1754
1681
1755
1682
1756
1683
1757
1684
1758
1685
1759
1686
1760
1687
1761
1688
1762
1689
1763
1690
1764
1691
1765
1692
1766
1693
1767
1694
1768
1695
1769
1696
1770
1697
1771
1698
1772
1699
1773
1774
1701
1775
4474
1702
1776
1703
1777
1704
1778
1705
1779
1706
1780
1707
1781
1708
1782
1709
1783
1710
1784
1711
1785
1712
1786
1713
1787
1714
1788
1715
1789
1716
1790
1717
1791
1718
1792
1719
1793
1720
1794
1721
1795
1722
1796
1723
1797
1724
1798
1725
1799
1726
1800
1727
1801
1728
1802
1729
1803
1730
1804
1731
1805
1732
1806
1733
1807
1734
1808
1735
1809
1736
1810
1737
1811
1738
1812
1739
1813
1740
1814
1741
1815
1742
1816
1743
1817
1744
1818
1745
1819
1746
1820
1747
1821
1748
1822
1749
1823
1750
1824
1751
1825
1752
1826
1753
1827
1754
1828
1755
1829
1756
1830
1757
1831
1758
1832
1759
1833
1760
1834
1761
1835
1762
1836
1763
1837
1764
1838
1765
1839
1766
1840
1767
1841
1768
1842
1769
1843
1770
1844
1771
1845
1772
1846
1773
1847
1774
1848
1849
1776
1850
4499
1777
1851
1778
1852
1779
1853
1780
1854
1781
1855
1782
1856
1783
1857
1784
1858
1785
1859
1786
1860
1787
1861
1788
1862
1789
1863
1790
1864
1791
1865
1792
1866
1793
1867
1794
1868
1795
1869
1796
1870
1797
1871
1798
1872
1799
1873
1800
1874
1801
1875
1802
1876
1803
1877
1804
1878
1805
1879
1806
1880
1807
1881
1808
1882
1809
1883
1810
1884
1811
1885
1812
1886
1813
1887
1814
1888
1815
1889
1816
1890
1817
1891
1818
1892
1819
1893
1820
1894
1821
1895
1822
1896
1823
1897
1824
1898
1825
1899
1826
1900
1827
1901
1828
1902
1829
1903
1830
1904
1831
1905
1832
1906
1833
1907
1834
1908
1835
1909
1836
1910
1837
1911
1838
1912
1839
1913
1840
1914
1841
1915
1842
1916
1843
1917
1844
1918
1845
1919
1846
1920
1847
1921
1848
1922
1849
1923
1924
1851
1925
4524
1852
1926
1853
1927
1854
1928
1855
1929
1856
1930
1857
1931
1858
1932
1859
1933
1860
1934
1861
1935
1862
1936
1863
1937
1864
1938
1865
1939
1866
1940
1867
1941
1868
1942
1869
1943
1870
1944
1871
1945
1872
1946
1873
1947
1874
1948
1875
1949
1876
1950
1877
1951
1878
1952
1879
1953
1880
1954
1881
1955
1882
1956
1883
1957
1884
1958
1885
1959
1886
1960
1887
1961
1888
1962
1889
1963
1890
1964
1891
1965
1892
1966
1893
1967
1894
1968
1895
1969
1896
1970
1897
1971
1898
1972
1899
1973
1900
1974
1901
1975
1902
1976
1903
1977
1904
1978
1905
1979
1906
1980
1907
1981
1908
1982
1909
1983
1910
1984
1911
1985
1912
1986
1913
1987
1914
1988
1915
1989
1916
1990
1917
1991
1918
1992
1919
1993
1920
1994
1921
1995
1922
1996
1923
1997
1924
1998
1999
1926
2000
4549
1927
2001
1928
2002
1929
2003
1930
2004
1931
2005
1932
2006
1933
2007
1934
2008
1935
2009
1936
2010
1937
2011
1938
2012
1939
2013
1940
2014
1941
2015
1942
2016
1943
2017
1944
2018
1945
2019
1946
2020
1947
2021
1948
2022
1949
2023
1950
2024
1951
2025
1952
2026
1953
2027
1954
2028
1955
2029
1956
2030
1957
2031
1958
2032
1959
2033
1960
2034
1961
2035
1962
2036
1963
2037
1964
2038
1965
2039
1966
2040
1967
2041
1968
2042
1969
2043
1970
2044
1971
2045
1972
2046
1973
2047
1974
2048
1975
2049
1976
2050
1977
2051
1978
2052
1979
2053
1980
2054
1981
2055
1982
2056
1983
2057
1984
2058
1985
2059
1986
2060
1987
2061
1988
2062
1989
2063
1990
2064
1991
2065
1992
2066
1993
2067
1994
2068
1995
2069
1996
2070
1997
2071
1998
2072
1999
2073
2074
2001
2075
4574
2002
2076
2003
2077
2004
2078
2005
2079
2006
2080
2007
2081
2008
2082
2009
2083
2010
2084
2011
2085
2012
2086
2013
2087
2014
2088
2015
2089
2016
2090
2017
2091
2018
2092
2019
2093
2020
2094
2021
2095
2022
2096
2023
2097
2024
2098
2025
2099
2026
2100
2027
2101
2028
2102
2029
2103
2030
2104
2031
2105
2032
2106
2033
2107
2034
2108
2035
2109
2036
2110
2037
2111
2038
2112
2039
2113
2040
2114
2041
2115
2042
2116
2043
2117
2044
2118
2045
2119
2046
2120
2047
2121
2048
2122
2049
2123
2050
2124
2051
2125
2052
2126
2053
2127
2054
2128
2055
2129
2056
2130
2057
2131
2058
2132
2059
2133
2060
2134
2061
2135
2062
2136
2063
2137
2064
2138
2065
2139
2066
2140
2067
2141
2068
2142
2069
2143
2070
2144
2071
2145
2072
2146
2073
2147
2074
2148
2149
2076
2150
4599
2077
2151
2078
2152
2079
2153
2080
2154
2081
2155
2082
2156
2083
2157
2084
2158
2085
2159
2086
2160
2087
2161
2088
2162
2089
2163
2090
2164
2091
2165
2092
2166
2093
2167
2094
2168
2095
2169
2096
2170
2097
2171
2098
2172
2099
2173
2100
2174
2101
2175
2102
2176
2103
2177
2104
2178
2105
2179
2106
2180
2107
2181
2108
2182
2109
2183
2110
2184
2111
2185
2112
2186
2113
2187
2114
2188
2115
2189
2116
2190
2117
2191
2118
2192
2119
2193
2120
2194
2121
2195
2122
2196
2123
2197
2124
2198
2125
2199
2126
2200
2127
2201
2128
2202
2129
2203
2130
2204
2131
2205
2132
2206
2133
2207
2134
2208
2135
2209
2136
2210
2137
2211
2138
2212
2139
2213
2140
2214
2141
2215
2142
2216
2143
2217
2144
2218
2145
2219
2146
2220
2147
2221
2148
2222
2149
2223
2224
2151
2225
4624
2152
2226
2153
2227
2154
2228
2155
2229
2156
2230
2157
2231
2158
2232
2159
2233
2160
2234
2161
2235
2162
2236
2163
2237
2164
2238
2165
2239
2166
2240
2167
2241
2168
2242
2169
2243
2170
2244
2171
2245
2172
2246
2173
2247
2174
2248
2175
2249
2176
2250
2177
2251
2178
2252
2179
2253
2180
2254
2181
2255
2182
2256
2183
2257
2184
2258
2185
2259
2186
2260
2187
2261
2188
2262
2189
2263
2190
2264
2191
2265
2192
2266
2193
2267
2194
2268
2195
2269
2196
2270
2197
2271
2198
2272
2199
2273
2200
2274
2201
2275
2202
2276
2203
2277
2204
2278
2205
2279
2206
2280
2207
2281
2208
2282
2209
2283
2210
2284
2211
2285
2212
2286
2213
2287
2214
2288
2215
2289
2216
2290
2217
2291
2218
2292
2219
2293
2220
2294
2221
2295
2222
2296
2223
2297
2224
2298
2299
2226
2300
4649
2227
2301
2228
2302
2229
2303
2230
2304
2231
2305
2232
2306
2233
2307
2234
2308
2235
2309
2236
2310
2237
2311
2238
2312
2239
2313
2240
2314
2241
2315
2242
2316
2243
2317
2244
2318
2245
2319
2246
2320
2247
2321
2248
2322
2249
2323
2250
2324
2251
2325
2252
2326
2253
2327
2254
2328
2255
2329
2256
2330
2257
2331
2258
2332
2259
2333
2260
2334
2261
2335
2262
2336
2263
2337
2264
2338
2265
2339
2266
2340
2267
2341
2268
2342
2269
2343
2270
2344
2271
2345
2272
2346
2273
2347
2274
2348
2275
2349
2276
2350
2277
2351
2278
2352
2279
2353
2280
2354
2281
2355
2282
2356
2283
2357
2284
2358
2285
2359
2286
2360
2287
2361
2288
2362
2289
2363
2290
2364
2291
2365
2292
2366
2293
2367
2294
2368
2295
2369
2296
2370
2297
2371
2298
2372
2299
2373
2374
2301
2375
4674
2302
2376
2303
2377
2304
2378
2305
2379
2306
2380
2307
2381
2308
2382
2309
2383
2310
2384
2311
2385
2312
2386
2313
2387
2314
2388
2315
2389
2316
2390
2317
2391
2318
2392
2319
2393
2320
2394
2321
2395
2322
2396
2323
2397
2324
2398
2325
2399
2326
2400
2327
2401
2328
2402
2329
2403
2330
2404
2331
2405
2332
2406
2333
2407
2334
2408
2335
2409
2336
2410
2337
2411
2338
2412
2339
2413
2340
2414
2341
2415
2342
2416
2343
2417
2344
2418
2345
2419
2346
2420
2347
2421
2348
2422
2349
2423
2350
2424
2351
2425
2352
2426
2353
2427
2354
2428
2355
2429
2356
2430
2357
2431
2358
2432
2359
2433
2360
2434
2361
2435
2362
2436
2363
2437
2364
2438
2365
2439
2366
2440
2367
2441
2368
2442
2369
2443
2370
2444
2371
2445
2372
2446
2373
2447
2374
2448
2449
2376
2450
4699
2377
2451
2378
2452
2379
2453
2380
2454
2381
2455
2382
2456
2383
2457
2384
2458
2385
2459
2386
2460
2387
2461
2388
2462
2389
2463
2390
2464
2391
2465
2392
2466
2393
2467
2394
2468
2395
2469
2396
2470
2397
2471
2398
2472
2399
2473
2400
2474
2401
2475
2402
2476
2403
2477
2404
2478
2405
2479
2406
2480
2407
2481
2408
2482
2409
2483
2410
2484
2411
2485
2412
2486
2413
2487
2414
2488
2415
2489
2416
2490
2417
2491
2418
2492
2419
2493
2420
2494
2421
2495
2422
2496
2423
2497
2424
2498
2425
2499
2426
2500
2427
2501
2428
2502
2429
2503
2430
2504
2431
2505
2432
2506
2433
2507
2434
2508
2435
2509
2436
2510
2437
2511
2438
2512
2439
2513
2440
2514
2441
2515
2442
2516
2443
2517
2444
2518
2445
2519
2446
2520
2447
2521
2448
2522
2449
2523
2524
2451
2525
4724
2452
2526
2453
2527
2454
2528
2455
2529
2456
2530
2457
2531
2458
2532
2459
2533
2460
2534
2461
2535
2462
2536
2463
2537
2464
2538
2465
2539
2466
2540
2467
2541
2468
2542
2469
2543
2470
2544
2471
2545
2472
2546
2473
2547
2474
2548
2475
2549
2476
2550
2477
2551
2478
2552
2479
2553
2480
2554
2481
2555
2482
2556
2483
2557
2484
2558
2485
2559
2486
2560
2487
2561
2488
2562
2489
2563
2490
2564
2491
2565
2492
2566
2493
2567
2494
2568
2495
2569
2496
2570
2497
2571
2498
2572
2499
2573
2500
2574
2501
2575
2502
2576
2503
2577
2504
2578
2505
2579
2506
2580
2507
2581
2508
2582
2509
2583
2510
2584
2511
2585
2512
2586
2513
2587
2514
2588
2515
2589
2516
2590
2517
2591
2518
2592
2519
2593
2520
2594
2521
2595
2522
2596
2523
2597
2524
2598
2599
2526
2600
4749
2527
2601
2528
2602
2529
2603
2530
2604
2531
2605
2532
2606
2533
2607
2534
2608
2535
2609
2536
2610
2537
2611
2538
2612
2539
2613
2540
2614
2541
2615
2542
2616
2543
2617
2544
2618
2545
2619
2546
2620
2547
2621
2548
2622
2549
2623
2550
2624
2551
2625
2552
2626
2553
2627
2554
2628
2555
2629
2556
2630
2557
2631
2558
2632
2559
2633
2560
2634
2561
2635
2562
2636
2563
2637
2564
2638
2565
2639
2566
2640
2567
2641
2568
2642
2569
2643
2570
2644
2571
2645
2572
2646
2573
2647
2574
2648
2575
2649
2576
2650
2577
2651
2578
2652
2579
2653
2580
2654
2581
2655
2582
2656
2583
2657
2584
2658
2585
2659
2586
2660
2587
2661
2588
2662
2589
2663
2590
2664
2591
2665
2592
2666
2593
2667
2594
2668
2595
2669
2596
2670
2597
2671
2598
2672
2599
2673
2674
2601
2675
4774
2602
2676
2603
2677
2604
2678
2605
2679
2606
2680
2607
2681
2608
2682
2609
2683
2610
2684
2611
2685
2612
2686
2613
2687
2614
2688
2615
2689
2616
2690
2617
2691
2618
2692
2619
2693
2620
2694
2621
2695
2622
2696
2623
2697
2624
2698
2625
2699
2626
2700
2627
2701
2628
2702
2629
2703
2630
2704
2631
2705
2632
2706
2633
2707
2634
2708
2635
2709
2636
2710
2637
2711
2638
2712
2639
2713
2640
2714
2641
2715
2642
2716
2643
2717
2644
2718
2645
2719
2646
2720
2647
2721
2648
2722
2649
2723
2650
2724
2651
2725
2652
2726
2653
2727
2654
2728
2655
2729
2656
2730
2657
2731
2658
2732
2659
2733
2660
2734
2661
2735
2662
2736
2663
2737
2664
2738
2665
2739
2666
2740
2667
2741
2668
2742
2669
2743
2670
2744
2671
2745
2672
2746
2673
2747
2674
2748
2749
2676
3050
4799
2677
3051
2678
3052
2679
3053
2680
3054
2681
3055
2682
3056
2683
3057
2684
3058
2685
3059
2686
3060
2687
3061
2688
3062
2689
3063
2690
3064
2691
3065
2692
3066
2693
3067
2694
3068
2695
3069
2696
3070
2697
3071
2698
3072
2699
3073
2700
3074
2701
3075
2702
3076
2703
3077
2704
3078
2705
3079
2706
3080
2707
3081
2708
3082
2709
3083
2710
3084
2711
3085
2712
3086
2713
3087
2714
3088
2715
3089
2716
3090
2717
3091
2718
3092
2719
3093
2720
3094
2721
3095
2722
3096
2723
3097
2724
3098
2725
3099
2726
3100
2727
3101
2728
3102
2729
3103
2730
3104
2731
3105
2732
3106
2733
3107
2734
3108
2735
3109
2736
3110
2737
3111
2738
3112
2739
3113
2740
3114
2741
3115
2742
3116
2743
3117
2744
3118
2745
3119
2746
3120
2747
3121
2748
3122
2749
3123
3124
2751
2760
2752
2761
2753
2762
2754
2763
2755
2764
2756
2765
2757
2766
2758
2767
2759
2768
2769
2850
2761
2770
2762
2771
2763
2772
2764
2773
2765
2774
2766
2775
2767
2776
2768
2777
2769
2778
2779
2870
2771
2780
2772
2781
2773
2782
2774
2783
2775
2784
2776
2785
2777
2786
2778
2787
2779
2788
2789
2890
2781
2790
2782
2791
2783
2792
2784
2793
2785
2794
2786
2795
2787
2796
2788
2797
2789
2798
2799
2910
2791
2800
2792
2801
2793
2802
2794
2803
2795
2804
2796
2805
2797
2806
2798
2807
2799
2808
2809
2930
2801
2810
2802
2811
2803
2812
2804
2813
2805
2814
2806
2815
2807
2816
2808
2817
2809
2818
2819
2950
2811
2820
2812
2821
2813
2822
2814
2823
2815
2824
2816
2825
2817
2826
2818
2827
2819
2828
2829
2970
2821
2830
2822
2831
2823
2832
2824
2833
2825
2834
2826
2835
2827
2836
2828
2837
2829
2838
2839
2990
2831
2840
2832
2841
2833
2842
2834
2843
2835
2844
2836
2845
2837
2846
2838
2847
2839
2848
2849
3010
2841
2842
2843
2844
2845
2846
2847
2848
2849
3030
2851
2870
5280
2852
2871
5281
2853
2872
5282
2854
2873
5283
2855
2874
5284
2856
2875
5285
2857
2876
5286
2858
2877
5287
2859
2878
5288
2860
2879
5289
2861
2880
5290
2862
2881
5291
2863
2882
5292
2864
2883
5293
2865
2884
5294
2866
2885
5295
2867
2886
5296
2868
2887
5297
2869
2888
5298
2889
3050
5299
2871
2890
2872
2891
2873
2892
2874
2893
2875
2894
2876
2895
2877
2896
2878
2897
2879
2898
2880
2899
2881
2900
2882
2901
2883
2902
2884
2903
2885
2904
2886
2905
2887
2906
2888
2907
2889
2908
2909
3125
2891
2910
2892
2911
2893
2912
2894
2913
2895
2914
2896
2915
2897
2916
2898
2917
2899
2918
2900
2919
2901
2920
2902
2921
2903
2922
2904
2923
2905
2924
2906
2925
2907
2926
2908
2927
2909
2928
2929
3200
2911
2930
2912
2931
2913
2932
2914
2933
2915
2934
2916
2935
2917
2936
2918
2937
2919
2938
2920
2939
2921
2940
2922
2941
2923
2942
2924
2943
2925
2944
2926
2945
2927
2946
2928
2947
2929
2948
2949
3275
2931
2950
2932
2951
2933
2952
2934
2953
2935
2954
2936
2955
2937
2956
2938
2957
2939
2958
2940
2959
2941
2960
2942
2961
2943
2962
2944
2963
2945
2964
2946
2965
2947
2966
2948
2967
2949
2968
2969
3350
2951
2970
2952
2971
2953
2972
2954
2973
2955
2974
2956
2975
2957
2976
2958
2977
2959
2978
2960
2979
2961
2980
2962
2981
2963
2982
2964
2983
2965
2984
2966
2985
2967
2986
2968
2987
2969
2988
2989
3425
2971
2990
2972
2991
2973
2992
2974
2993
2975
2994
2976
2995
2977
2996
2978
2997
2979
2998
2980
2999
2981
3000
2982
3001
2983
3002
2984
3003
2985
3004
2986
3005
2987
3006
2988
3007
2989
3008
3009
3500
2991
3010
2992
3011
2993
3012
2994
3013
2995
3014
2996
3015
2997
3016
2998
3017
2999
3018
3000
3019
3001
3020
3002
3021
3003
3022
3004
3023
3005
3024
3006
3025
3007
3026
3008
3027
3009
3028
3029
3575
3011
3030
3012
3031
3013
3032
3014
3033
3015
3034
3016
3035
3017
3036
3018
3037
3019
3038
3020
3039
3021
3040
3022
3041
3023
3042
3024
3043
3025
3044
3026
3045
3027
3046
3028
3047
3029
3048
3049
3650
3031
3032
3033
3034
3035
3036
3037
3038
3039
3040
3041
3042
3043
3044
3045
3046
3047
3048
3049
3725
3051
3125
3052
3126
3053
3127
3054
3128
3055
3129
3056
3130
3057
3131
3058
3132
3059
3133
3060
3134
3061
3135
3062
3136
3063
3137
3064
3138
3065
3139
3066
3140
3067
3141
3068
3142
3069
3143
3070
3144
3071
3145
3072
3146
3073
3147
3074
3148
3075
3149
3076
3150
3077
3151
3078
3152
3079
3153
3080
3154
3081
3155
3082
3156
3083
3157
3084
3158
3085
3159
3086
3160
3087
3161
3088
3162
3089
3163
3090
3164
3091
3165
3092
3166
3093
3167
3094
3168
3095
3169
3096
3170
3097
3171
3098
3172
3099
3173
3100
3174
3101
3175
3102
3176
3103
3177
3104
3178
3105
3179
3106
3180
3107
3181
3108
3182
3109
3183
3110
3184
3111
3185
3112
3186
3113
3187
3114
3188
3115
3189
3116
3190
3117
3191
3118
3192
3119
3193
3120
3194
3121
3195
3122
3196
3123
3197
3124
3198
3199
3126
3200
3127
3201
3128
3202
3129
3203
3130
3204
3131
3205
3132
3206
3133
3207
3134
3208
3135
3209
3136
3210
3137
3211
3138
3212
3139
3213
3140
3214
3141
3215
3142
3216
3143
3217
3144
3218
3145
3219
3146
3220
3147
3221
3148
3222
3149
3223
3150
3224
3151
3225
3152
3226
3153
3227
3154
3228
3155
3229
3156
3230
3157
3231
3158
3232
3159
3233
3160
3234
3161
3235
3162
3236
3163
3237
3164
3238
3165
3239
3166
3240
3167
3241
3168
3242
3169
3243
3170
3244
3171
3245
3172
3246
3173
3247
3174
3248
3175
3249
3176
3250
3177
3251
3178
3252
3179
3253
3180
3254
3181
3255
3182
3256
3183
3257
3184
3258
3185
3259
3186
3260
3187
3261
3188
3262
3189
3263
3190
3264
3191
3265
3192
3266
3193
3267
3194
3268
3195
3269
3196
3270
3197
3271
3198
3272
3199
3273
3274
3201
3275
3202
3276
3203
3277
3204
3278
3205
3279
3206
3280
3207
3281
3208
3282
3209
3283
3210
3284
3211
3285
3212
3286
3213
3287
3214
3288
3215
3289
3216
3290
3217
3291
3218
3292
3219
3293
3220
3294
3221
3295
3222
3296
3223
3297
3224
3298
3225
3299
3226
3300
3227
3301
3228
3302
3229
3303
3230
3304
3231
3305
3232
3306
3233
3307
3234
3308
3235
3309
3236
3310
3237
3311
3238
3312
3239
3313
3240
3314
3241
3315
3242
3316
3243
3317
3244
3318
3245
3319
3246
3320
3247
3321
3248
3322
3249
3323
3250
3324
3251
3325
3252
3326
3253
3327
3254
3328
3255
3329
3256
3330
3257
3331
3258
3332
3259
3333
3260
3334
3261
3335
3262
3336
3263
3337
3264
3338
3265
3339
3266
3340
3267
3341
3268
3342
3269
3343
3270
3344
3271
3345
3272
3346
3273
3347
3274
3348
3349
3276
3350
3277
3351
3278
3352
3279
3353
3280
3354
3281
3355
3282
3356
3283
3357
3284
3358
3285
3359
3286
3360
3287
3361
3288
3362
3289
3363
3290
3364
3291
3365
3292
3366
3293
3367
3294
3368
3295
3369
3296
3370
3297
3371
3298
3372
3299
3373
3300
3374
3301
3375
3302
3376
3303
3377
3304
3378
3305
3379
3306
3380
3307
3381
3308
3382
3309
3383
3310
3384
3311
3385
3312
3386
3313
3387
3314
3388
3315
3389
3316
3390
3317
3391
3318
3392
3319
3393
3320
3394
3321
3395
3322
3396
3323
3397
3324
3398
3325
3399
3326
3400
3327
3401
3328
3402
3329
3403
3330
3404
3331
3405
3332
3406
3333
3407
3334
3408
3335
3409
3336
3410
3337
3411
3338
3412
3339
3413
3340
3414
3341
3415
3342
3416
3343
3417
3344
3418
3345
3419
3346
3420
3347
3421
3348
3422
3349
3423
3424
3351
3425
3352
3426
3353
3427
3354
3428
3355
3429
3356
3430
3357
3431
3358
3432
3359
3433
3360
3434
3361
3435
3362
3436
3363
3437
3364
3438
3365
3439
3366
3440
3367
3441
3368
3442
3369
3443
3370
3444
3371
3445
3372
3446
3373
3447
3374
3448
3375
3449
3376
3450
3377
3451
3378
3452
3379
3453
3380
3454
3381
3455
3382
3456
3383
3457
3384
3458
3385
3459
3386
3460
3387
3461
3388
3462
3389
3463
3390
3464
3391
3465
3392
3466
3393
3467
3394
3468
3395
3469
3396
3470
3397
3471
3398
3472
3399
3473
3400
3474
3401
3475
3402
3476
3403
3477
3404
3478
3405
3479
3406
3480
3407
3481
3408
3482
3409
3483
3410
3484
3411
3485
3412
3486
3413
3487
3414
3488
3415
3489
3416
3490
3417
3491
3418
3492
3419
3493
3420
3494
3421
3495
3422
3496
3423
3497
3424
3498
3499
3426
3500
3427
3501
3428
3502
3429
3503
3430
3504
3431
3505
3432
3506
3433
3507
3434
3508
3435
3509
3436
3510
3437
3511
3438
3512
3439
3513
3440
3514
3441
3515
3442
3516
3443
3517
3444
3518
3445
3519
3446
3520
3447
3521
3448
3522
3449
3523
3450
3524
3451
3525
3452
3526
3453
3527
3454
3528
3455
3529
3456
3530
3457
3531
3458
3532
3459
3533
3460
3534
3461
3535
3462
3536
3463
3537
3464
3538
3465
3539
3466
3540
3467
3541
3468
3542
3469
3543
3470
3544
3471
3545
3472
3546
3473
3547
3474
3548
3475
3549
3476
3550
3477
3551
3478
3552
3479
3553
3480
3554
3481
3555
3482
3556
3483
3557
3484
3558
3485
3559
3486
3560
3487
3561
3488
3562
3489
3563
3490
3564
3491
3565
3492
3566
3493
3567
3494
3568
3495
3569
3496
3570
3497
3571
3498
3572
3499
3573
3574
3501
3575
3502
3576
3503
3577
3504
3578
3505
3579
3506
3580
3507
3581
3508
3582
3509
3583
3510
3584
3511
3585
3512
3586
3513
3587
3514
3588
3515
3589
3516
3590
3517
3591
3518
3592
3519
3593
3520
3594
3521
3595
3522
3596
3523
3597
3524
3598
3525
3599
3526
3600
3527
3601
3528
3602
3529
3603
3530
3604
3531
3605
3532
3606
3533
3607
3534
3608
3535
3609
3536
3610
3537
3611
3538
3612
3539
3613
3540
3614
3541
3615
3542
3616
3543
3617
3544
3618
3545
3619
3546
3620
3547
3621
3548
3622
3549
3623
3550
3624
3551
3625
3552
3626
3553
3627
3554
3628
3555
3629
3556
3630
3557
3631
3558
3632
3559
3633
3560
3634
3561
3635
3562
3636
3563
3637
3564
3638
3565
3639
3566
3640
3567
3641
3568
3642
3569
3643
3570
3644
3571
3645
3572
3646
3573
3647
3574
3648
3649
3576
3650
3577
3651
3578
3652
3579
3653
3580
3654
3581
3655
3582
3656
3583
3657
3584
3658
3585
3659
3586
3660
3587
3661
3588
3662
3589
3663
3590
3664
3591
3665
3592
3666
3593
3667
3594
3668
3595
3669
3596
3670
3597
3671
3598
3672
3599
3673
3600
3674
3601
3675
3602
3676
3603
3677
3604
3678
3605
3679
3606
3680
3607
3681
3608
3682
3609
3683
3610
3684
3611
3685
3612
3686
3613
3687
3614
3688
3615
3689
3616
3690
3617
3691
3618
3692
3619
3693
3620
3694
3621
3695
3622
3696
3623
3697
3624
3698
3625
3699
3626
3700
3627
3701
3628
3702
3629
3703
3630
3704
3631
3705
3632
3706
3633
3707
3634
3708
3635
3709
3636
3710
3637
3711
3638
3712
3639
3713
3640
3714
3641
3715
3642
3716
3643
3717
3644
3718
3645
3719
3646
3720
3647
3721
3648
3722
3649
3723
3724
3651
3725
3652
3726
3653
3727
3654
3728
3655
3729
3656
3730
3657
3731
3658
3732
3659
3733
3660
3734
3661
3735
3662
3736
3663
3737
3664
3738
3665
3739
3666
3740
3667
3741
3668
3742
3669
3743
3670
3744
3671
3745
3672
3746
3673
3747
3674
3748
3675
3749
3676
3750
3677
3751
3678
3752
3679
3753
3680
3754
3681
3755
3682
3756
3683
3757
3684
3758
3685
3759
3686
3760
3687
3761
3688
3762
3689
3763
3690
3764
3691
3765
3692
3766
3693
3767
3694
3768
3695
3769
3696
3770
3697
3771
3698
3772
3699
3773
3700
3774
3701
3775
3702
3776
3703
3777
3704
3778
3705
3779
3706
3780
3707
3781
3708
3782
3709
3783
3710
3784
3711
3785
3712
3786
3713
3787
3714
3788
3715
3789
3716
3790
3717
3791
3718
3792
3719
3793
3720
3794
3721
3795
3722
3796
3723
3797
3724
3798
3799
3726
3727
3728
3729
3730
3731
3732
3733
3734
3735
3736
3737
3738
3739
3740
3741
3742
3743
3744
3745
3746
3747
3748
3749
3750
3751
3752
3753
3754
3755
3756
3757
3758
3759
3760
3761
3762
3763
3764
3765
3766
3767
3768
3769
3770
3771
3772
3773
3774
3775
3776
3777
3778
3779
3780
3781
3782
3783
3784
3785
3786
3787
3788
3789
3790
3791
3792
3793
3794
3795
3796
3797
3798
3799
3801
3820
5300
3802
3821
3803
3822
3804
3823
3805
3824
3806
3825
3807
3826
3808
3827
3809
3828
3810
3829
3811
3830
3812
3831
3813
3832
3814
3833
3815
3834
3816
3835
3817
3836
3818
3837
3819
3838
3839
4324
3821
3840
5301
3822
3841
3823
3842
3824
3843
3825
3844
3826
3845
3827
3846
3828
3847
3829
3848
3830
3849
3831
3850
3832
3851
3833
3852
3834
3853
3835
3854
3836
3855
3837
3856
3838
3857
3839
3858
3859
4323
3841
3860
5302
3842
3861
3843
3862
3844
3863
3845
3864
3846
3865
3847
3866
3848
3867
3849
3868
3850
3869
3851
3870
3852
3871
3853
3872
3854
3873
3855
3874
3856
3875
3857
3876
3858
3877
3859
3878
3879
4322
3861
3880
5303
3862
3881
3863
3882
3864
3883
3865
3884
3866
3885
3867
3886
3868
3887
3869
3888
3870
3889
3871
3890
3872
3891
3873
3892
3874
3893
3875
3894
3876
3895
3877
3896
3878
3897
3879
3898
3899
4321
3881
3900
5304
3882
3901
3883
3902
3884
3903
3885
3904
3886
3905
3887
3906
3888
3907
3889
3908
3890
3909
3891
3910
3892
3911
3893
3912
3894
3913
3895
3914
3896
3915
3897
3916
3898
3917
3899
3918
3919
4320
3901
3920
5305
3902
3921
3903
3922
3904
3923
3905
3924
3906
3925
3907
3926
3908
3927
3909
3928
3910
3929
3911
3930
3912
3931
3913
3932
3914
3933
3915
3934
3916
3935
3917
3936
3918
3937
3919
3938
3939
4319
3921
3940
5306
3922
3941
3923
3942
3924
3943
3925
3944
3926
3945
3927
3946
3928
3947
3929
3948
3930
3949
3931
3950
3932
3951
3933
3952
3934
3953
3935
3954
3936
3955
3937
3956
3938
3957
3939
3958
3959
4318
3941
3960
5307
3942
3961
3943
3962
3944
3963
3945
3964
3946
3965
3947
3966
3948
3967
3949
3968
3950
3969
3951
3970
3952
3971
3953
3972
3954
3973
3955
3974
3956
3975
3957
3976
3958
3977
3959
3978
3979
4317
3961
3980
5308
3962
3981
3963
3982
3964
3983
3965
3984
3966
3985
3967
3986
3968
3987
3969
3988
3970
3989
3971
3990
3972
3991
3973
3992
3974
3993
3975
3994
3976
3995
3977
3996
3978
3997
3979
3998
3999
4316
3981
4000
5309
3982
4001
3983
4002
3984
4003
3985
4004
3986
4005
3987
4006
3988
4007
3989
4008
3990
4009
3991
4010
3992
4011
3993
4012
3994
4013
3995
4014
3996
4015
3997
4016
3998
4017
3999
4018
4019
4315
4001
4020
5310
4002
4021
4003
4022
4004
4023
4005
4024
4006
4025
4007
4026
4008
4027
4009
4028
4010
4029
4011
4030
4012
4031
4013
4032
4014
4033
4015
4034
4016
4035
4017
4036
4018
4037
4019
4038
4039
4314
4021
4040
5311
4022
4041
4023
4042
4024
4043
4025
4044
4026
4045
4027
4046
4028
4047
4029
4048
4030
4049
4031
4050
4032
4051
4033
4052
4034
4053
4035
4054
4036
4055
4037
4056
4038
4057
4039
4058
4059
4313
4041
4060
5312
4042
4061
4043
4062
4044
4063
4045
4064
4046
4065
4047
4066
4048
4067
4049
4068
4050
4069
4051
4070
4052
4071
4053
4072
4054
4073
4055
4074
4056
4075
4057
4076
4058
4077
4059
4078
4079
4312
4061
4080
5313
4062
4081
4063
4082
4064
4083
4065
4084
4066
4085
4067
4086
4068
4087
4069
4088
4070
4089
4071
4090
4072
4091
4073
4092
4074
4093
4075
4094
4076
4095
4077
4096
4078
4097
4079
4098
4099
4311
4081
4100
5314
4082
4101
4083
4102
4084
4103
4085
4104
4086
4105
4087
4106
4088
4107
4089
4108
4090
4109
4091
4110
4092
4111
4093
4112
4094
4113
4095
4114
4096
4115
4097
4116
4098
4117
4099
4118
4119
4310
4101
4120
5315
4102
4121
4103
4122
4104
4123
4105
4124
4106
4125
4107
4126
4108
4127
4109
4128
4110
4129
4111
4130
4112
4131
4113
4132
4114
4133
4115
4134
4116
4135
4117
4136
4118
4137
4119
4138
4139
4309
4121
4140
5316
4122
4141
4123
4142
4124
4143
4125
4144
4126
4145
4127
4146
4128
4147
4129
4148
4130
4149
4131
4150
4132
4151
4133
4152
4134
4153
4135
4154
4136
4155
4137
4156
4138
4157
4139
4158
4159
4308
4141
4160
5317
4142
4161
4143
4162
4144
4163
4145
4164
4146
4165
4147
4166
4148
4167
4149
4168
4150
4169
4151
4170
4152
4171
4153
4172
4154
4173
4155
4174
4156
4175
4157
4176
4158
4177
4159
4178
4179
4307
4161
4180
5318
4162
4181
4163
4182
4164
4183
4165
4184
4166
4185
4167
4186
4168
4187
4169
4188
4170
4189
4171
4190
4172
4191
4173
4192
4174
4193
4175
4194
4176
4195
4177
4196
4178
4197
4179
4198
4199
4306
4181
4200
5319
4182
4201
4183
4202
4184
4203
4185
4204
4186
4205
4187
4206
4188
4207
4189
4208
4190
4209
4191
4210
4192
4211
4193
4212
4194
4213
4195
4214
4196
4215
4197
4216
4198
4217
4199
4218
4219
4305
4201
4220
5320
4202
4221
4203
4222
4204
4223
4205
4224
4206
4225
4207
4226
4208
4227
4209
4228
4210
4229
4211
4230
4212
4231
4213
4232
4214
4233
4215
4234
4216
4235
4217
4236
4218
4237
4219
4238
4239
4304
4221
4240
5321
4222
4241
4223
4242
4224
4243
4225
4244
4226
4245
4227
4246
4228
4247
4229
4248
4230
4249
4231
4250
4232
4251
4233
4252
4234
4253
4235
4254
4236
4255
4237
4256
4238
4257
4239
4258
4259
4303
4241
4260
5322
4242
4261
4243
4262
4244
4263
4245
4264
4246
4265
4247
4266
4248
4267
4249
4268
4250
4269
4251
4270
4252
4271
4253
4272
4254
4273
4255
4274
4256
4275
4257
4276
4258
4277
4259
4278
4279
4302
4261
4280
5323
4262
4281
4263
4282
4264
4283
4265
4284
4266
4285
4267
4286
4268
4287
4269
4288
4270
4289
4271
4290
4272
4291
4273
4292
4274
4293
4275
4294
4276
4295
4277
4296
4278
4297
4279
4298
4299
4301
4281
5324
4282
4283
4284
4285
4286
4287
4288
4289
4290
4291
4292
4293
4294
4295
4296
4297
4298
4299
4300
4301
4325
4302
4326
4303
4327
4304
4328
4305
4329
4306
4330
4307
4331
4308
4332
4309
4333
4310
4334
4311
4335
4312
4336
4313
4337
4314
4338
4315
4339
4316
4340
4317
4341
4318
4342
4319
4343
4320
4344
4321
4345
4322
4346
4323
4347
4324
4348
4349
4326
4350
4327
4351
4328
4352
4329
4353
4330
4354
4331
4355
4332
4356
4333
4357
4334
4358
4335
4359
4336
4360
4337
4361
4338
4362
4339
4363
4340
4364
4341
4365
4342
4366
4343
4367
4344
4368
4345
4369
4346
4370
4347
4371
4348
4372
4349
4373
4374
4351
4375
4352
4376
4353
4377
4354
4378
4355
4379
4356
4380
4357
4381
4358
4382
4359
4383
4360
4384
4361
4385
4362
4386
4363
4387
4364
4388
4365
4389
4366
4390
4367
4391
4368
4392
4369
4393
4370
4394
4371
4395
4372
4396
4373
4397
4374
4398
4399
4376
4400
4377
4401
4378
4402
4379
4403
4380
4404
4381
4405
4382
4406
4383
4407
4384
4408
4385
4409
4386
4410
4387
4411
4388
4412
4389
4413
4390
4414
4391
4415
4392
4416
4393
4417
4394
4418
4395
4419
4396
4420
4397
4421
4398
4422
4399
4423
4424
4401
4425
4402
4426
4403
4427
4404
4428
4405
4429
4406
4430
4407
4431
4408
4432
4409
4433
4410
4434
4411
4435
4412
4436
4413
4437
4414
4438
4415
4439
4416
4440
4417
4441
4418
4442
4419
4443
4420
4444
4421
4445
4422
4446
4423
4447
4424
4448
4449
4426
4450
4427
4451
4428
4452
4429
4453
4430
4454
4431
4455
4432
4456
4433
4457
4434
4458
4435
4459
4436
4460
4437
4461
4438
4462
4439
4463
4440
4464
4441
4465
4442
4466
4443
4467
4444
4468
4445
4469
4446
4470
4447
4471
4448
4472
4449
4473
4474
4451
4475
4452
4476
4453
4477
4454
4478
4455
4479
4456
4480
4457
4481
4458
4482
4459
4483
4460
4484
4461
4485
4462
4486
4463
4487
4464
4488
4465
4489
4466
4490
4467
4491
4468
4492
4469
4493
4470
4494
4471
4495
4472
4496
4473
4497
4474
4498
4499
4476
4500
4477
4501
4478
4502
4479
4503
4480
4504
4481
4505
4482
4506
4483
4507
4484
4508
4485
4509
4486
4510
4487
4511
4488
4512
4489
4513
4490
4514
4491
4515
4492
4516
4493
4517
4494
4518
4495
4519
4496
4520
4497
4521
4498
4522
4499
4523
4524
4501
4525
4502
4526
4503
4527
4504
4528
4505
4529
4506
4530
4507
4531
4508
4532
4509
4533
4510
4534
4511
4535
4512
4536
4513
4537
4514
4538
4515
4539
4516
4540
4517
4541
4518
4542
4519
4543
4520
4544
4521
4545
4522
4546
4523
4547
4524
4548
4549
4526
4550
4527
4551
4528
4552
4529
4553
4530
4554
4531
4555
4532
4556
4533
4557
4534
4558
4535
4559
4536
4560
4537
4561
4538
4562
4539
4563
4540
4564
4541
4565
4542
4566
4543
4567
4544
4568
4545
4569
4546
4570
4547
4571
4548
4572
4549
4573
4574
4551
4575
4552
4576
4553
4577
4554
4578
4555
4579
4556
4580
4557
4581
4558
4582
4559
4583
4560
4584
4561
4585
4562
4586
4563
4587
4564
4588
4565
4589
4566
4590
4567
4591
4568
4592
4569
4593
4570
4594
4571
4595
4572
4596
4573
4597
4574
4598
4599
4576
4600
4577
4601
4578
4602
4579
4603
4580
4604
4581
4605
4582
4606
4583
4607
4584
4608
4585
4609
4586
4610
4587
4611
4588
4612
4589
4613
4590
4614
4591
4615
4592
4616
4593
4617
4594
4618
4595
4619
4596
4620
4597
4621
4598
4622
4599
4623
4624
4601
4625
4602
4626
4603
4627
4604
4628
4605
4629
4606
4630
4607
4631
4608
4632
4609
4633
4610
4634
4611
4635
4612
4636
4613
4637
4614
4638
4615
4639
4616
4640
4617
4641
4618
4642
4619
4643
4620
4644
4621
4645
4622
4646
4623
4647
4624
4648
4649
4626
4650
4627
4651
4628
4652
4629
4653
4630
4654
4631
4655
4632
4656
4633
4657
4634
4658
4635
4659
4636
4660
4637
4661
4638
4662
4639
4663
4640
4664
4641
4665
4642
4666
4643
4667
4644
4668
4645
4669
4646
4670
4647
4671
4648
4672
4649
4673
4674
4651
4675
4652
4676
4653
4677
4654
4678
4655
4679
4656
4680
4657
4681
4658
4682
4659
4683
4660
4684
4661
4685
4662
4686
4663
4687
4664
4688
4665
4689
4666
4690
4667
4691
4668
4692
4669
4693
4670
4694
4671
4695
4672
4696
4673
4697
4674
4698
4699
4676
4700
4677
4701
4678
4702
4679
4703
4680
4704
4681
4705
4682
4706
4683
4707
4684
4708
4685
4709
4686
4710
4687
4711
4688
4712
4689
4713
4690
4714
4691
4715
4692
4716
4693
4717
4694
4718
4695
4719
4696
4720
4697
4721
4698
4722
4699
4723
4724
4701
4725
4702
4726
4703
4727
4704
4728
4705
4729
4706
4730
4707
4731
4708
4732
4709
4733
4710
4734
4711
4735
4712
4736
4713
4737
4714
4738
4715
4739
4716
4740
4717
4741
4718
4742
4719
4743
4720
4744
4721
4745
4722
4746
4723
4747
4724
4748
4749
4726
4750
4727
4751
4728
4752
4729
4753
4730
4754
4731
4755
4732
4756
4733
4757
4734
4758
4735
4759
4736
4760
4737
4761
4738
4762
4739
4763
4740
4764
4741
4765
4742
4766
4743
4767
4744
4768
4745
4769
4746
4770
4747
4771
4748
4772
4749
4773
4774
4751
4775
4752
4776
4753
4777
4754
4778
4755
4779
4756
4780
4757
4781
4758
4782
4759
4783
4760
4784
4761
4785
4762
4786
4763
4787
4764
4788
4765
4789
4766
4790
4767
4791
4768
4792
4769
4793
4770
4794
4771
4795
4772
4796
4773
4797
4774
4798
4799
4776
4819
4777
4839
4778
4859
4779
4879
4780
4899
4781
4919
4782
4939
4783
4959
4784
4979
4785
4999
4786
5019
4787
5039
4788
5059
4789
5079
4790
5099
4791
5119
4792
5139
4793
5159
4794
5179
4795
5199
4796
5219
4797
5239
4798
5259
4799
5279
5299
4801
4820
5799
4802
4821
4803
4822
4804
4823
4805
4824
4806
4825
4807
4826
4808
4827
4809
4828
4810
4829
4811
4830
4812
4831
4813
4832
4814
4833
4815
4834
4816
4835
4817
4836
4818
4837
4819
4838
4839
4821
4840
5798
4822
4841
4823
4842
4824
4843
4825
4844
4826
4845
4827
4846
4828
4847
4829
4848
4830
4849
4831
4850
4832
4851
4833
4852
4834
4853
4835
4854
4836
4855
4837
4856
4838
4857
4839
4858
4859
4841
4860
5797
4842
4861
4843
4862
4844
4863
4845
4864
4846
4865
4847
4866
4848
4867
4849
4868
4850
4869
4851
4870
4852
4871
4853
4872
4854
4873
4855
4874
4856
4875
4857
4876
4858
4877
4859
4878
4879
4861
4880
5796
4862
4881
4863
4882
4864
4883
4865
4884
4866
4885
4867
4886
4868
4887
4869
4888
4870
4889
4871
4890
4872
4891
4873
4892
4874
4893
4875
4894
4876
4895
4877
4896
4878
4897
4879
4898
4899
4881
4900
5795
4882
4901
4883
4902
4884
4903
4885
4904
4886
4905
4887
4906
4888
4907
4889
4908
4890
4909
4891
4910
4892
4911
4893
4912
4894
4913
4895
4914
4896
4915
4897
4916
4898
4917
4899
4918
4919
4901
4920
5794
4902
4921
4903
4922
4904
4923
4905
4924
4906
4925
4907
4926
4908
4927
4909
4928
4910
4929
4911
4930
4912
4931
4913
4932
4914
4933
4915
4934
4916
4935
4917
4936
4918
4937
4919
4938
4939
4921
4940
5793
4922
4941
4923
4942
4924
4943
4925
4944
4926
4945
4927
4946
4928
4947
4929
4948
4930
4949
4931
4950
4932
4951
4933
4952
4934
4953
4935
4954
4936
4955
4937
4956
4938
4957
4939
4958
4959
4941
4960
5792
4942
4961
4943
4962
4944
4963
4945
4964
4946
4965
4947
4966
4948
4967
4949
4968
4950
4969
4951
4970
4952
4971
4953
4972
4954
4973
4955
4974
4956
4975
4957
4976
4958
4977
4959
4978
4979
4961
4980
5791
4962
4981
4963
4982
4964
4983
4965
4984
4966
4985
4967
4986
4968
4987
4969
4988
4970
4989
4971
4990
4972
4991
4973
4992
4974
4993
4975
4994
4976
4995
4977
4996
4978
4997
4979
4998
4999
4981
5000
5790
4982
5001
4983
5002
4984
5003
4985
5004
4986
5005
4987
5006
4988
5007
4989
5008
4990
5009
4991
5010
4992
5011
4993
5012
4994
5013
4995
5014
4996
5015
4997
5016
4998
5017
4999
5018
5019
5001
5020
5789
5002
5021
5003
5022
5004
5023
5005
5024
5006
5025
5007
5026
5008
5027
5009
5028
5010
5029
5011
5030
5012
5031
5013
5032
5014
5033
5015
5034
5016
5035
5017
5036
5018
5037
5019
5038
5039
5021
5040
5788
5022
5041
5023
5042
5024
5043
5025
5044
5026
5045
5027
5046
5028
5047
5029
5048
5030
5049
5031
5050
5032
5051
5033
5052
5034
5053
5035
5054
5036
5055
5037
5056
5038
5057
5039
5058
5059
5041
5060
5787
5042
5061
5043
5062
5044
5063
5045
5064
5046
5065
5047
5066
5048
5067
5049
5068
5050
5069
5051
5070
5052
5071
5053
5072
5054
5073
5055
5074
5056
5075
5057
5076
5058
5077
5059
5078
5079
5061
5080
5786
5062
5081
5063
5082
5064
5083
5065
5084
5066
5085
5067
5086
5068
5087
5069
5088
5070
5089
5071
5090
5072
5091
5073
5092
5074
5093
5075
5094
5076
5095
5077
5096
5078
5097
5079
5098
5099
5081
5100
5785
5082
5101
5083
5102
5084
5103
5085
5104
5086
5105
5087
5106
5088
5107
5089
5108
5090
5109
5091
5110
5092
5111
5093
5112
5094
5113
5095
5114
5096
5115
5097
5116
5098
5117
5099
5118
5119
5101
5120
5784
5102
5121
5103
5122
5104
5123
5105
5124
5106
5125
5107
5126
5108
5127
5109
5128
5110
5129
5111
5130
5112
5131
5113
5132
5114
5133
5115
5134
5116
5135
5117
5136
5118
5137
5119
5138
5139
5121
5140
5783
5122
5141
5123
5142
5124
5143
5125
5144
5126
5145
5127
5146
5128
5147
5129
5148
5130
5149
5131
5150
5132
5151
5133
5152
5134
5153
5135
5154
5136
5155
5137
5156
5138
5157
5139
5158
5159
5141
5160
5782
5142
5161
5143
5162
5144
5163
5145
5164
5146
5165
5147
5166
5148
5167
5149
5168
5150
5169
5151
5170
5152
5171
5153
5172
5154
5173
5155
5174
5156
5175
5157
5176
5158
5177
5159
5178
5179
5161
5180
5781
5162
5181
5163
5182
5164
5183
5165
5184
5166
5185
5167
5186
5168
5187
5169
5188
5170
5189
5171
5190
5172
5191
5173
5192
5174
5193
5175
5194
5176
5195
5177
5196
5178
5197
5179
5198
5199
5181
5200
5780
5182
5201
5183
5202
5184
5203
5185
5204
5186
5205
5187
5206
5188
5207
5189
5208
5190
5209
5191
5210
5192
5211
5193
5212
5194
5213
5195
5214
5196
5215
5197
5216
5198
5217
5199
5218
5219
5201
5220
5779
5202
5221
5203
5222
5204
5223
5205
5224
5206
5225
5207
5226
5208
5227
5209
5228
5210
5229
5211
5230
5212
5231
5213
5232
5214
5233
5215
5234
5216
5235
5217
5236
5218
5237
5219
5238
5239
5221
5240
5778
5222
5241
5223
5242
5224
5243
5225
5244
5226
5245
5227
5246
5228
5247
5229
5248
5230
5249
5231
5250
5232
5251
5233
5252
5234
5253
5235
5254
5236
5255
5237
5256
5238
5257
5239
5258
5259
5241
5260
5777
5242
5261
5243
5262
5244
5263
5245
5264
5246
5265
5247
5266
5248
5267
5249
5268
5250
5269
5251
5270
5252
5271
5253
5272
5254
5273
5255
5274
5256
5275
5257
5276
5258
5277
5259
5278
5279
5261
5280
5776
5262
5281
5263
5282
5264
5283
5265
5284
5266
5285
5267
5286
5268
5287
5269
5288
5270
5289
5271
5290
5272
5291
5273
5292
5274
5293
5275
5294
5276
5295
5277
5296
5278
5297
5279
5298
5299
5281
5775
5282
5283
5284
5285
5286
5287
5288
5289
5290
5291
5292
5293
5294
5295
5296
5297
5298
5299
5301
5325
5302
5326
5303
5327
5304
5328
5305
5329
5306
5330
5307
5331
5308
5332
5309
5333
5310
5334
5311
5335
5312
5336
5313
5337
5314
5338
5315
5339
5316
5340
5317
5341
5318
5342
5319
5343
5320
5344
5321
5345
5322
5346
5323
5347
5324
5348
5349
5326
5350
5327
5351
5328
5352
5329
5353
5330
5354
5331
5355
5332
5356
5333
5357
5334
5358
5335
5359
5336
5360
5337
5361
5338
5362
5339
5363
5340
5364
5341
5365
5342
5366
5343
5367
5344
5368
5345
5369
5346
5370
5347
5371
5348
5372
5349
5373
5374
5351
5375
5352
5376
5353
5377
5354
5378
5355
5379
5356
5380
5357
5381
5358
5382
5359
5383
5360
5384
5361
5385
5362
5386
5363
5387
5364
5388
5365
5389
5366
5390
5367
5391
5368
5392
5369
5393
5370
5394
5371
5395
5372
5396
5373
5397
5374
5398
5399
5376
5400
5377
5401
5378
5402
5379
5403
5380
5404
5381
5405
5382
5406
5383
5407
5384
5408
5385
5409
5386
5410
5387
5411
5388
5412
5389
5413
5390
5414
5391
5415
5392
5416
5393
5417
5394
5418
5395
5419
5396
5420
5397
5421
5398
5422
5399
5423
5424
5401
5425
5402
5426
5403
5427
5404
5428
5405
5429
5406
5430
5407
5431
5408
5432
5409
5433
5410
5434
5411
5435
5412
5436
5413
5437
5414
5438
5415
5439
5416
5440
5417
5441
5418
5442
5419
5443
5420
5444
5421
5445
5422
5446
5423
5447
5424
5448
5449
5426
5450
5427
5451
5428
5452
5429
5453
5430
5454
5431
5455
5432
5456
5433
5457
5434
5458
5435
5459
5436
5460
5437
5461
5438
5462
5439
5463
5440
5464
5441
5465
5442
5466
5443
5467
5444
5468
5445
5469
5446
5470
5447
5471
5448
5472
5449
5473
5474
5451
5475
5452
5476
5453
5477
5454
5478
5455
5479
5456
5480
5457
5481
5458
5482
5459
5483
5460
5484
5461
5485
5462
5486
5463
5487
5464
5488
5465
5489
5466
5490
5467
5491
5468
5492
5469
5493
5470
5494
5471
5495
5472
5496
5473
5497
5474
5498
5499
5476
5500
5477
5501
5478
5502
5479
5503
5480
5504
5481
5505
5482
5506
5483
5507
5484
5508
5485
5509
5486
5510
5487
5511
5488
5512
5489
5513
5490
5514
5491
5515
5492
5516
5493
5517
5494
5518
5495
5519
5496
5520
5497
5521
5498
5522
5499
5523
5524
5501
5525
5502
5526
5503
5527
5504
5528
5505
5529
5506
5530
5507
5531
5508
5532
5509
5533
5510
5534
5511
5535
5512
5536
5513
5537
5514
5538
5515
5539
5516
5540
5517
5541
5518
5542
5519
5543
5520
5544
5521
5545
5522
5546
5523
5547
5524
5548
5549
5526
5550
5527
5551
5528
5552
5529
5553
5530
5554
5531
5555
5532
5556
5533
5557
5534
5558
5535
5559
5536
5560
5537
5561
5538
5562
5539
5563
5540
5564
5541
5565
5542
5566
5543
5567
5544
5568
5545
5569
5546
5570
5547
5571
5548
5572
5549
5573
5574
5551
5575
5552
5576
5553
5577
5554
5578
5555
5579
5556
5580
5557
5581
5558
5582
5559
5583
5560
5584
5561
5585
5562
5586
5563
5587
5564
5588
5565
5589
5566
5590
5567
5591
5568
5592
5569
5593
5570
5594
5571
5595
5572
5596
5573
5597
5574
5598
5599
5576
5600
5577
5601
5578
5602
5579
5603
5580
5604
5581
5605
5582
5606
5583
5607
5584
5608
5585
5609
5586
5610
5587
5611
5588
5612
5589
5613
5590
5614
5591
5615
5592
5616
5593
5617
5594
5618
5595
5619
5596
5620
5597
5621
5598
5622
5599
5623
5624
5601
5625
5602
5626
5603
5627
5604
5628
5605
5629
5606
5630
5607
5631
5608
5632
5609
5633
5610
5634
5611
5635
5612
5636
5613
5637
5614
5638
5615
5639
5616
5640
5617
5641
5618
5642
5619
5643
5620
5644
5621
5645
5622
5646
5623
5647
5624
5648
5649
5626
5650
5627
5651
5628
5652
5629
5653
5630
5654
5631
5655
5632
5656
5633
5657
5634
5658
5635
5659
5636
5660
5637
5661
5638
5662
5639
5663
5640
5664
5641
5665
5642
5666
5643
5667
5644
5668
5645
5669
5646
5670
5647
5671
5648
5672
5649
5673
5674
5651
5675
5652
5676
5653
5677
5654
5678
5655
5679
5656
5680
5657
5681
5658
5682
5659
5683
5660
5684
5661
5685
5662
5686
5663
5687
5664
5688
5665
5689
5666
5690
5667
5691
5668
5692
5669
5693
5670
5694
5671
5695
5672
5696
5673
5697
5674
5698
5699
5676
5700
5677
5701
5678
5702
5679
5703
5680
5704
5681
5705
5682
5706
5683
5707
5684
5708
5685
5709
5686
5710
5687
5711
5688
5712
5689
5713
5690
5714
5691
5715
5692
5716
5693
5717
5694
5718
5695
5719
5696
5720
5697
5721
5698
5722
5699
5723
5724
5701
5725
5702
5726
5703
5727
5704
5728
5705
5729
5706
5730
5707
5731
5708
5732
5709
5733
5710
5734
5711
5735
5712
5736
5713
5737
5714
5738
5715
5739
5716
5740
5717
5741
5718
5742
5719
5743
5720
5744
5721
5745
5722
5746
5723
5747
5724
5748
5749
5726
5750
5727
5751
5728
5752
5729
5753
5730
5754
5731
5755
5732
5756
5733
5757
5734
5758
5735
5759
5736
5760
5737
5761
5738
5762
5739
5763
5740
5764
5741
5765
5742
5766
5743
5767
5744
5768
5745
5769
5746
5770
5747
5771
5748
5772
5749
5773
5774
5751
5775
5752
5776
5753
5777
5754
5778
5755
5779
5756
5780
5757
5781
5758
5782
5759
5783
5760
5784
5761
5785
5762
5786
5763
5787
5764
5788
5765
5789
5766
5790
5767
5791
5768
5792
5769
5793
5770
5794
5771
5795
5772
5796
5773
5797
5774
5798
5799
5776
5777
5778
5779
5780
5781
5782
5783
5784
5785
5786
5787
5788
5789
5790
5791
5792
5793
5794
5795
5796
5797
5798
5799
)


// ************************************************************************* //
